            name  height
0    Yamada Taro   172.5
1  Yamada Hanako   160.5
2   Wakayama Dai   180.2
            name  height  age
0    Yamada Taro   172.5   21
1  Yamada Hanako   160.5   19
2   Wakayama Dai   180.2   30
[[ 1.         -2.         -1.        ]
 [-0.66666667  1.33333333  1.        ]
 [ 1.         -1.         -1.        ]]
[[ 1.00000000e+00 -2.22044605e-16  0.00000000e+00]
 [ 0.00000000e+00  1.00000000e+00  0.00000000e+00]
 [ 1.11022302e-16 -2.22044605e-16  1.00000000e+00]]
[10, 3, 1, 5, 8, 6]
[1, -1, -1, 1, 1, 1]

